true=	9.521248e-05		|I*-I|	|I*-I|/I*
adaptive=	 -3.697210e-02	r=	1.000000e+00	3.706732e-02	389.311529
adaptive=	 -8.390826e-02	r=	1.400000e+00	8.400347e-02	882.273755
adaptive=	 -1.357216e-02	r=	1.500000e+00	1.366738e-02	143.546068
adaptive=	 -2.716951e-01	r=	1.600000e+00	2.717903e-01	2854.565782
